4
6 2 1 -1
2 4 1 0
1 1 4 -1
-1 0 -1 3
4
3 8 4 5
4 9 6 7
2 5 7 6
7 7 6 9
6
12 25 -17 33 28 42
-27 35 15 46 57 30
11 17 34 42 25 55
44 36 -27 52 15 -33
-37 45 18 31 23 49
14 25 34 43 52 41
6
1 1 1 1 1 1
1 2 4 8 16 32
1 3 9 27 81 243
1 4 16 64 256 1024
1 5 25 125 625 3125
1 6 36 216 1296 7776
5
1.000000000000000 0.500000000000000 0.333333343267441 0.250000000000000 0.200000002980232
0.500000000000000 0.333333343267441 0.250000000000000 0.200000002980232 0.166666671633720
0.333333343267441 0.250000000000000 0.200000002980232 0.166666671633720 0.142857149243355
0.250000000000000 0.200000002980232 0.166666671633720 0.142857149243355 0.125000000000000
0.200000002980232 0.166666671633720 0.142857149243355 0.125000000000000 0.111111111938953
6
99 99 99 99 99 99
99 99 99 99 99 99
99 99 99 99 99 99
99 99 99 99 99 99
99 99 99 99 99 99
99 99 99 99 99 99
